5.857142857142857
0,74,7,105,199,68,123,55,81
0,14,116,161,103,107,13,11,89,128
0,157,150,6,145,198,111,93,24
0,187,19,126,41,76,160,1,158
0,167,101,88,50,70,78
0,45,80,47,122,97,54,196,190
0,134,36,32,191,200,143,15
0,163,110,113,141,69,62,23,179
0,183,114,151,186,185,152,136,86
0,133,40,194,22,155,5,84,197,39,2
0,99,17,64,77,9,59,21,49,189,33,87
0,25,73,162,100,58,20,166,26,35
0,75,91,96,182,94,8,131,124
0,135,30,188,142,149,85,159,184
0,180,130,12,168,46,132
0,118,165,95,154,117,102,106
0,104,138,119,192,4,16
0,172,144,176,42,52,169,137
0,174,66,127,177,164,48,53,60
0,115,83,171,139,44,65,120,43
0,82,109,57,90,178,31,193,108,98
0,153,146,27,112,56,148,181,67,195
0,51,18,63,125,34,37,129
0,140,156,71,3,121,61,29,175,147,173
0,28,170,38,72,92,10,79
